       0.000      30.000
       0.050      30.032
       0.100      30.064
       0.150      30.095
       0.200      30.127
       0.250      30.158
       0.300      30.189
       0.350      30.220
       0.400      30.250
       0.450      30.281
       0.500      30.311
       0.550      30.341
       0.600      30.370
       0.650      30.400
       0.700      30.429
       0.750      30.459
       0.800      30.488
       0.850      30.516
       0.900      30.545
       0.950      30.574
       1.000      30.602
       1.050      30.630
       1.100      30.658
       1.150      30.686
       1.200      30.713
       1.250      30.740
       1.300      30.768
       1.350      30.795
       1.400      30.822
       1.450      30.848
       1.500      30.875
       1.550      30.901
       1.600      30.928
       1.650      30.954
       1.700      30.980
       1.750      31.005
       1.800      31.031
       1.850      31.056
       1.900      31.082
       1.950      31.107
       2.000      31.132
       2.050      31.157
       2.100      31.181
       2.150      31.206
       2.200      31.230
       2.250      31.255
       2.300      31.279
       2.350      31.303
       2.400      31.327
       2.450      31.350
       2.500      31.374
       2.550      31.397
       2.600      31.421
       2.650      31.444
       2.700      31.467
       2.750      31.490
       2.800      31.513
       2.850      31.535
       2.900      31.558
       2.950      31.580
       3.000      31.602
       3.050      31.625
       3.100      31.647
       3.150      31.669
       3.200      31.690
       3.250      31.712
       3.300      31.734
       3.350      31.755
       3.400      31.776
       3.450      31.797
       3.500      31.819
       3.550      31.840
       3.600      31.860
       3.650      31.881
       3.700      31.902
       3.750      31.922
       3.800      31.943
       3.850      31.963
       3.900      31.983
       3.950      32.003
       4.000      32.023
       4.050      32.043
       4.100      32.063
       4.150      32.083
       4.200      32.102
       4.250      32.122
       4.300      32.141
       4.350      32.160
       4.400      32.179
       4.450      32.198
       4.500      32.217
       4.550      32.236
       4.600      32.255
       4.650      32.274
       4.700      32.292
       4.750      32.311
       4.800      32.329
       4.850      32.348
       4.900      32.366
       4.950      32.384
       5.000      32.402
       5.050      32.420
       5.100      32.438
       5.150      32.455
       5.200      32.473
       5.250      32.491
       5.300      32.508
       5.350      32.526
       5.400      32.543
       5.450      32.560
       5.500      32.577
       5.550      32.594
       5.600      32.611
       5.650      32.628
       5.700      32.645
       5.750      32.662
       5.800      32.679
       5.850      32.695
       5.900      32.712
       5.950      32.728
       6.000      32.744
       6.050      32.761
       6.100      32.777
       6.150      32.793
       6.200      32.809
       6.250      32.825
       6.300      32.841
       6.350      32.857
       6.400      32.872
       6.450      32.888
       6.500      32.904
       6.550      32.919
       6.600      32.935
       6.650      32.950
       6.700      32.965
       6.750      32.981
       6.800      32.996
       6.850      33.011
       6.900      33.026
       6.950      33.041
       7.000      33.056
       7.050      33.071
       7.100      33.085
       7.150      33.100
       7.200      33.115
       7.250      33.129
       7.300      33.144
       7.350      33.158
       7.400      33.173
       7.450      33.187
       7.500      33.201
       7.550      33.215
       7.600      33.229
       7.650      33.244
       7.700      33.258
       7.750      33.271
       7.800      33.285
       7.850      33.299
       7.900      33.313
       7.950      33.327
       8.000      33.340
       8.050      33.354
       8.100      33.367
       8.150      33.381
       8.200      33.394
       8.250      33.407
       8.300      33.421
       8.350      33.434
       8.400      33.447
       8.450      33.460
       8.500      33.473
       8.550      33.486
       8.600      33.499
       8.650      33.512
       8.700      33.525
       8.750      33.538
       8.800      33.551
       8.850      33.563
       8.900      33.576
       8.950      33.588
       9.000      33.601
       9.050      33.613
       9.100      33.626
       9.150      33.638
       9.200      33.651
       9.250      33.663
       9.300      33.675
       9.350      33.687
       9.400      33.699
       9.450      33.711
       9.500      33.723
       9.550      33.735
       9.600      33.747
       9.650      33.759
       9.700      33.771
       9.750      33.783
       9.800      33.794
       9.850      33.806
       9.900      33.818
       9.950      33.829
      10.000      33.841
      10.050      33.852
      10.115      33.867
      10.200      33.886
      10.309      33.911
      10.452      33.943
      10.607      33.978
      10.763      34.012
      10.920      34.046
      11.080      34.080
      11.240      34.114
      11.403      34.148
      11.567      34.182
      11.732      34.215
      11.900      34.249
      12.069      34.283
      12.239      34.316
      12.412      34.350
      12.586      34.383
      12.762      34.416
      12.939      34.449
      13.119      34.482
      13.300      34.515
      13.483      34.548
      13.668      34.581
      13.855      34.613
      14.043      34.646
      14.234      34.679
      14.426      34.711
      14.620      34.743
      14.816      34.775
      15.015      34.807
      15.215      34.839
      15.417      34.871
      15.621      34.903
      15.827      34.935
      16.035      34.966
      16.246      34.998
      16.458      35.029
      16.673      35.060
      16.890      35.091
      17.108      35.122
      17.330      35.153
      17.553      35.184
      17.778      35.214
      18.006      35.245
      18.236      35.275
      18.469      35.306
      18.703      35.336
      18.940      35.366
      19.180      35.396
      19.421      35.426
      19.666      35.455
      19.912      35.485
      20.161      35.515
      20.413      35.544
      20.667      35.573
      20.924      35.602
      21.183      35.631
      21.445      35.660
      21.709      35.689
      21.977      35.718
      22.246      35.746
      22.519      35.775
      22.794      35.803
      23.072      35.831
      23.353      35.859
      23.636      35.887
      23.922      35.915
      24.212      35.942
      24.504      35.970
      24.799      35.997
      25.097      36.025
      25.398      36.052
      25.702      36.079
      26.009      36.106
      26.319      36.133
      26.632      36.159
      26.948      36.186
      27.268      36.212
      27.591      36.239
      27.916      36.265
      28.246      36.291
      28.578      36.317
      28.914      36.343
      29.253      36.369
      29.596      36.394
      29.942      36.420
      30.291      36.445
      30.644      36.470
      31.000      36.496
      31.360      36.521
      31.724      36.546
      32.091      36.570
      32.462      36.595
      32.837      36.620
      33.215      36.644
      33.597      36.668
      33.983      36.693
      34.373      36.717
      34.767      36.741
      35.164      36.765
      35.566      36.789
      35.972      36.812
      36.381      36.836
      36.795      36.859
      37.213      36.883
      37.635      36.906
      38.062      36.929
      38.492      36.953
      38.927      36.976
      39.366      36.998
      39.810      37.021
      40.258      37.044
      40.711      37.067
      41.168      37.089
      41.630      37.112
      42.096      37.134
      42.567      37.156
      43.043      37.178
      43.523      37.201
      44.008      37.223
      44.498      37.245
      44.993      37.266
      45.493      37.288
      45.998      37.310
      46.508      37.332
      47.023      37.353
      47.543      37.375
      48.069      37.396
      48.600      37.418
      49.136      37.439
      49.677      37.460
      50.224      37.481
      50.776      37.502
      51.334      37.524
      51.897      37.545
      52.466      37.566
      53.041      37.586
      53.621      37.607
      54.207      37.628
      54.799      37.649
      55.397      37.670
      56.001      37.690
      56.611      37.711
      57.227      37.732
      57.850      37.752
      58.478      37.773
      59.113      37.794
      59.754      37.814
      60.402      37.835
      61.056      37.855
      61.716      37.876
      62.383      37.896
      63.057      37.917
      63.738      37.937
      64.425      37.958
      65.119      37.978
      65.821      37.999
      66.529      38.019
      67.244      38.040
      67.966      38.061
      68.696      38.081
      69.433      38.102
      70.177      38.122
      70.929      38.143
      71.688      38.164
      72.455      38.185
      73.230      38.205
      74.012      38.226
      74.802      38.247
      75.600      38.268
      76.406      38.289
      77.220      38.310
      78.043      38.331
      78.873      38.352
      79.712      38.374
      80.559      38.395
      81.415      38.417
      82.279      38.438
      83.151      38.460
      84.033      38.481
      84.923      38.503
      85.823      38.525
      86.731      38.547
      87.648      38.569
      88.575      38.592
      89.510      38.614
      90.455      38.637
      91.410      38.659
      92.374      38.682
      93.348      38.705
      94.331      38.728
      95.325      38.752
      96.328      38.775
      97.341      38.799
      98.365      38.823
      99.398      38.847
     100.442      38.871
     101.497      38.895
     102.562      38.920
     103.637      38.945
     104.724      38.970
     105.821      38.995
     106.929      39.020
     108.048      39.046
     109.179      39.072
     110.321      39.098
     111.474      39.125
     112.638      39.152
     113.815      39.179
     115.003      39.206
     116.203      39.233
     117.415      39.261
     118.639      39.289
     119.876      39.318
     121.124      39.347
     122.386      39.376
     123.659      39.405
     124.946      39.435
     126.245      39.465
     127.558      39.495
     128.884      39.526
     130.222      39.557
     131.575      39.589
     132.940      39.621
     134.320      39.653
     135.713      39.686
     137.120      39.719
     138.541      39.753
     139.977      39.787
     141.426      39.821
     142.891      39.856
     144.370      39.892
     145.863      39.927
     147.372      39.964
     148.896      40.000
     150.435      40.038
     151.989      40.075
     153.559      40.113
     155.144      40.152
     156.746      40.191
     158.363      40.231
     159.997      40.271
     161.647      40.312
     163.313      40.354
     164.997      40.395
     166.697      40.438
     168.413      40.481
     170.148      40.525
     171.899      40.569
     173.668      40.614
     175.455      40.659
     177.259      40.705
     179.082      40.752
     180.923      40.799
     182.782      40.847
     184.660      40.895
     186.556      40.944
     188.472      40.994
     190.407      41.045
     192.361      41.096
     194.334      41.147
     196.328      41.200
     198.341      41.253
     200.374      41.307
     202.428      41.361
     204.502      41.416
     206.597      41.472
     208.713      41.529
     210.851      41.586
     213.009      41.644
     215.189      41.702
     217.391      41.762
     219.615      41.821
     221.861      41.882
     224.130      41.944
     226.421      42.006
     228.735      42.069
     231.073      42.132
     233.433      42.196
     235.818      42.262
     238.226      42.327
     240.658      42.394
     243.115      42.461
     245.596      42.529
     248.102      42.597
     250.633      42.667
     253.189      42.737
     255.771      42.807
     258.379      42.879
     261.012      42.951
     263.673      43.024
     266.359      43.098
     269.073      43.172
     271.814      43.247
     274.582      43.322
     277.378      43.399
     280.201      43.476
     283.053      43.553
     285.934      43.632
     288.843      43.711
     291.782      43.791
     294.749      43.871
     297.747      43.952
     300.774      44.033
     303.832      44.116
     306.921      44.199
     310.040      44.282
     313.190      44.366
     316.372      44.451
     319.586      44.536
     322.832      44.622
     326.110      44.708
     329.421      44.795
     332.765      44.882
     336.143      44.970
     339.554      45.058
     343.000      45.147
     346.480      45.237
     349.995      45.326
     353.545      45.417
     357.130      45.507
     360.751      45.599
     364.409      45.690
     368.103      45.782
     371.834      45.874
     375.602      45.967
     379.408      46.060
     383.252      46.154
     387.135      46.247
     391.056      46.341
     395.017      46.435
     399.017      46.530
     403.057      46.625
     407.138      46.720
     411.259      46.815
     415.422      46.910
     419.626      47.005
     423.872      47.101
     428.161      47.197
     432.493      47.293
     436.867      47.388
     441.286      47.484
     445.749      47.580
     450.256      47.676
     454.809      47.772
     459.407      47.868
     464.051      47.963
     468.742      48.059
     473.479      48.155
     478.264      48.250
     483.097      48.345
     487.978      48.440
     492.907      48.535
     497.886      48.629
     502.886      48.723
     507.886      48.815
     512.886      48.906
     517.886      48.996
     522.886      49.085
     527.886      49.172
     532.886      49.258
     537.886      49.343
     542.886      49.427
     547.886      49.509
     552.886      49.590
     557.886      49.670
     562.886      49.749
     567.886      49.827
     572.886      49.903
     577.886      49.978
     582.886      50.052
     587.886      50.124
     592.886      50.196
     597.886      50.266
     602.886      50.335
     607.886      50.402
     612.886      50.469
     617.886      50.534
     622.886      50.599
     627.886      50.662
     632.886      50.723
     637.886      50.784
     642.886      50.844
     647.886      50.902
     652.886      50.959
     657.886      51.015
     662.886      51.070
     667.886      51.124
     672.886      51.177
     677.886      51.228
     682.886      51.279
     687.886      51.328
     692.886      51.377
     697.886      51.424
     702.886      51.470
     707.886      51.515
     712.886      51.560
     717.886      51.603
     722.886      51.645
     727.886      51.686
     732.886      51.726
     737.886      51.765
     742.886      51.803
     747.886      51.840
     752.886      51.877
     757.886      51.912
     762.886      51.946
     767.886      51.980
     772.886      52.012
     777.886      52.044
     782.886      52.074
     787.886      52.104
     792.886      52.133
     797.886      52.161
     802.886      52.188
     807.886      52.214
     812.886      52.239
     817.886      52.264
     822.886      52.288
     827.886      52.311
     832.886      52.333
     837.886      52.354
     842.886      52.375
     847.886      52.395
     852.886      52.414
     857.886      52.432
     862.886      52.450
     867.886      52.467
     872.886      52.483
     877.886      52.498
     882.886      52.513
     887.886      52.527
     892.886      52.541
     897.886      52.554
     902.886      52.566
     907.886      52.578
     912.886      52.589
     917.886      52.600
     922.886      52.610
     927.886      52.619
     932.886      52.628
     937.886      52.637
     942.886      52.644
     947.886      52.652
     952.886      52.659
     957.886      52.665
     962.886      52.671
     967.886      52.677
     972.886      52.682
     977.886      52.687
     982.886      52.691
     987.886      52.695
     992.886      52.699
     997.886      52.702
    1002.886      52.705
    1007.886      52.708
    1012.886      52.710
    1017.886      52.712
    1022.886      52.714
    1027.886      52.716
    1032.886      52.717
    1037.886      52.718
    1042.886      52.719
    1047.886      52.720
    1052.886      52.721
    1057.886      52.721
    1062.886      52.722
    1067.886      52.722
    1072.886      52.722
    1077.886      52.722
    1082.886      52.722
    1087.886      52.722
    1092.886      52.722
    1097.886      52.722
    1102.886      52.722
    1107.886      52.722
    1112.886      52.722
    1117.886      52.722
    1122.886      52.722
    1127.886      52.722
    1132.886      52.722
    1137.886      52.722
    1142.886      52.722
    1147.886      52.722
    1152.886      52.722
    1157.886      52.722
    1162.886      52.722
    1167.886      52.722
    1172.886      52.722
    1177.886      52.722
    1182.886      52.722
    1187.886      52.722
    1192.886      52.722
    1197.886      52.722
    1202.886      52.722
    1207.886      52.722
    1212.886      52.722
    1217.886      52.722
    1222.886      52.722
    1227.886      52.722
    1232.886      52.722
    1237.886      52.722
    1242.886      52.722
    1247.886      52.722
    1252.886      52.722
    1257.886      52.722
    1262.886      52.722
    1267.886      52.722
    1272.886      52.722
    1277.886      52.722
    1282.886      52.722
    1287.886      52.722
    1292.886      52.722
    1297.886      52.722
    1302.886      52.722
    1307.886      52.722
    1312.886      52.722
    1317.886      52.722
    1322.886      52.722
    1327.886      52.722
    1332.886      52.722
    1337.886      52.722
    1342.886      52.722
    1347.886      52.722
    1352.886      52.722
    1357.886      52.722
    1362.886      52.722
    1367.886      52.722
    1372.886      52.722
    1377.886      52.722
    1382.886      52.722
    1387.886      52.722
    1392.886      52.722
    1397.886      52.722
    1402.886      52.722
    1407.886      52.722
    1412.886      52.722
    1417.886      52.722
    1422.886      52.722
    1427.886      52.722
    1432.886      52.722
    1437.886      52.722
    1442.886      52.722
    1447.886      52.722
    1452.886      52.722
    1457.886      52.722
    1462.886      52.722
    1467.886      52.722
    1472.886      52.722
    1477.886      52.722
    1482.886      52.722
    1487.886      52.722
    1492.886      52.722
    1497.886      52.722
    1502.886      52.722
    1507.886      52.722
    1512.886      52.722
    1517.886      52.722
    1522.886      52.722
    1527.886      52.722
    1532.886      52.722
    1537.886      52.722
    1542.886      52.722
    1547.886      52.722
    1552.886      52.722
    1557.886      52.722
    1562.886      52.722
    1567.886      52.722
    1572.886      52.722
    1577.886      52.722
    1582.886      52.722
    1587.886      52.722
    1592.886      52.722
    1597.886      52.722
    1602.886      52.722
    1607.886      52.722
    1612.886      52.722
    1617.886      52.722
    1622.886      52.722
    1627.886      52.722
    1632.886      52.722
    1637.886      52.722
    1642.886      52.722
    1647.886      52.722
    1652.886      52.722
    1657.886      52.722
    1662.886      52.722
    1667.886      52.722
    1672.886      52.722
    1677.886      52.722
    1682.886      52.722
    1687.886      52.722
    1692.886      52.722
    1697.886      52.722
    1702.886      52.722
    1707.886      52.722
    1712.886      52.722
    1717.886      52.722
    1722.886      52.722
    1727.886      52.722
    1732.886      52.722
    1737.886      52.722
    1742.886      52.722
    1747.886      52.722
    1752.886      52.722
    1757.886      52.722
    1762.886      52.722
    1767.886      52.722
    1772.886      52.722
    1777.886      52.722
    1782.886      52.722
    1787.886      52.722
    1792.886      52.722
    1797.886      52.722
    1802.886      52.722
    1807.886      52.722
    1812.886      52.722
    1817.886      52.722
    1822.886      52.722
    1827.886      52.722
    1832.886      52.722
    1837.886      52.722
    1842.886      52.722
    1847.886      52.722
    1852.886      52.722
    1857.886      52.722
    1862.886      52.722
    1867.886      52.722
    1872.886      52.722
    1877.886      52.722
    1882.886      52.722
    1887.886      52.722
    1892.886      52.722
    1897.886      52.722
    1902.886      52.722
    1907.886      52.722
    1912.886      52.722
    1917.886      52.722
    1922.886      52.722
    1927.886      52.722
    1932.886      52.722
    1937.886      52.722
    1942.886      52.722
    1947.886      52.722
    1952.886      52.722
    1957.886      52.722
    1962.886      52.722
    1967.886      52.722
    1972.886      52.722
    1977.886      52.722
    1982.886      52.722
    1987.886      52.722
    1992.886      52.722
    1997.886      52.722
    2002.886      52.722
    2007.886      52.722
    2012.886      52.722
    2017.886      52.722
    2022.886      52.722
    2027.886      52.722
    2032.886      52.722
    2037.886      52.722
    2042.886      52.722
    2047.886      52.722
    2052.886      52.722
    2057.886      52.722
    2062.886      52.722
    2067.886      52.722
    2072.886      52.722
    2077.886      52.722
    2082.886      52.722
    2087.886      52.722
    2092.886      52.722
    2097.886      52.722
    2102.886      52.722
    2107.886      52.722
    2112.886      52.722
    2117.886      52.722
    2122.886      52.722
    2127.886      52.722
    2132.886      52.722
    2137.886      52.722
    2142.886      52.722
    2147.886      52.722
    2152.886      52.722
    2157.886      52.722
    2162.886      52.722
    2167.886      52.722
    2172.886      52.722
    2177.886      52.722
    2182.886      52.722
    2187.886      52.722
    2192.886      52.722
    2197.886      52.722
    2202.886      52.722
    2207.886      52.722
    2212.886      52.722
    2217.886      52.722
    2222.886      52.722
    2227.886      52.722
    2232.886      52.722
    2237.886      52.722
    2242.886      52.722
    2247.886      52.722
    2252.886      52.722
    2257.886      52.722
    2262.886      52.722
    2267.886      52.722
    2272.886      52.722
    2277.886      52.722
    2282.886      52.722
    2287.886      52.722
    2292.886      52.722
    2297.886      52.722
    2302.886      52.722
    2307.886      52.722
    2312.886      52.722
    2317.886      52.722
    2322.886      52.722
    2327.886      52.722
    2332.886      52.722
    2337.886      52.722
    2342.886      52.722
    2347.886      52.722
    2352.886      52.722
    2357.886      52.722
    2362.886      52.722
    2367.886      52.722
    2372.886      52.722
    2377.886      52.722
    2382.886      52.722
    2387.886      52.722
    2392.886      52.722
    2397.886      52.722
    2402.886      52.722
    2407.886      52.722
    2412.886      52.722
    2417.886      52.722
    2422.886      52.722
    2427.886      52.722
    2432.886      52.722
    2437.886      52.722
    2442.886      52.722
    2447.886      52.722
    2452.886      52.722
    2457.886      52.722
    2462.886      52.722
    2467.886      52.722
    2472.886      52.722
    2477.886      52.722
    2482.886      52.722
    2487.886      52.722
    2492.886      52.722
    2497.886      52.722
    2502.886      52.722
    2507.886      52.722
    2512.886      52.722
    2517.886      52.722
    2522.886      52.722
    2527.886      52.722
    2532.886      52.722
    2537.886      52.722
    2542.886      52.722
    2547.886      52.722
    2552.886      52.722
    2557.886      52.722
    2562.886      52.722
    2567.886      52.722
    2572.886      52.722
    2577.886      52.722
    2582.886      52.722
    2587.886      52.722
    2592.886      52.722
    2597.886      52.722
    2602.886      52.722
    2607.886      52.722
    2612.886      52.722
    2617.886      52.722
    2622.886      52.722
    2627.886      52.722
    2632.886      52.722
    2637.886      52.722
    2642.886      52.722
    2647.886      52.722
    2652.886      52.722
    2657.886      52.722
    2662.886      52.722
    2667.886      52.722
    2672.886      52.722
    2677.886      52.722
    2682.886      52.722
    2687.886      52.722
    2692.886      52.722
    2697.886      52.722
    2702.886      52.722
    2707.886      52.722
    2712.886      52.722
    2717.886      52.722
    2722.886      52.722
    2727.886      52.722
    2732.886      52.722
    2737.886      52.722
    2742.886      52.722
    2747.886      52.722
    2752.886      52.722
    2757.886      52.722
    2762.886      52.722
    2767.886      52.722
    2772.886      52.722
    2777.886      52.722
    2782.886      52.722
    2787.886      52.722
    2792.886      52.722
    2797.886      52.722
    2802.886      52.722
    2807.886      52.722
    2812.886      52.722
    2817.886      52.722
    2822.886      52.722
    2827.886      52.722
    2832.886      52.722
    2837.886      52.722
    2842.886      52.722
    2847.886      52.722
    2852.886      52.722
    2857.886      52.722
    2862.886      52.722
    2867.886      52.722
    2872.886      52.722
    2877.886      52.722
    2882.886      52.722
    2887.886      52.722
    2892.886      52.722
    2897.886      52.722
    2902.886      52.722
    2907.886      52.722
    2912.886      52.722
    2917.886      52.722
    2922.886      52.722
    2927.886      52.722
    2932.886      52.722
    2937.886      52.722
    2942.886      52.722
    2947.886      52.722
    2952.886      52.722
    2957.886      52.722
    2962.886      52.722
    2967.886      52.722
    2972.886      52.722
    2977.886      52.722
    2982.886      52.722
    2987.886      52.722
    2992.886      52.722
    2997.886      52.722
    3002.886      52.722
    3007.886      52.722
    3012.886      52.722
    3017.886      52.722
    3022.886      52.722
    3027.886      52.722
    3032.886      52.722
    3037.886      52.722
    3042.886      52.722
    3047.886      52.722
    3052.886      52.722
    3057.886      52.722
    3062.886      52.722
    3067.886      52.722
    3072.886      52.722
    3077.886      52.722
    3082.886      52.722
    3087.886      52.722
    3092.886      52.722
    3097.886      52.722
    3102.886      52.722
    3107.886      52.722
    3112.886      52.722
    3117.886      52.722
    3122.886      52.722
    3127.886      52.722
    3132.886      52.722
    3137.886      52.722
    3142.886      52.722
    3147.886      52.722
    3152.886      52.722
    3157.886      52.722
    3162.886      52.722
    3167.886      52.722
    3172.886      52.722
    3177.886      52.722
    3182.886      52.722
    3187.886      52.722
    3192.886      52.722
    3197.886      52.722
    3202.886      52.722
    3207.886      52.722
    3212.886      52.722
    3217.886      52.722
    3222.886      52.722
    3227.886      52.722
    3232.886      52.722
    3237.886      52.722
    3242.886      52.722
    3247.886      52.722
    3252.886      52.722
    3257.886      52.722
    3262.886      52.722
    3267.886      52.722
    3272.886      52.722
    3277.886      52.722
    3282.886      52.722
    3287.886      52.722
    3292.886      52.722
    3297.886      52.722
    3302.886      52.722
    3307.886      52.722
    3312.886      52.722
    3317.886      52.722
    3322.886      52.722
    3327.886      52.722
    3332.886      52.722
    3337.886      52.722
    3342.886      52.722
    3347.886      52.722
    3352.886      52.722
    3357.886      52.722
    3362.886      52.722
    3367.886      52.722
    3372.886      52.722
    3377.886      52.722
    3382.886      52.722
    3387.886      52.722
    3392.886      52.722
    3397.886      52.722
    3402.886      52.722
    3407.886      52.722
    3412.886      52.722
    3417.886      52.722
    3422.886      52.722
    3427.886      52.722
    3432.886      52.722
    3437.886      52.722
    3442.886      52.722
    3447.886      52.722
    3452.886      52.722
    3457.886      52.722
    3462.886      52.722
    3467.886      52.722
    3472.886      52.722
    3477.886      52.722
    3482.886      52.722
    3487.886      52.722
    3492.886      52.722
    3497.886      52.722
    3502.886      52.722
    3507.886      52.722
    3512.886      52.722
    3517.886      52.722
    3522.886      52.722
    3527.886      52.722
    3532.886      52.722
    3537.886      52.722
    3542.886      52.722
    3547.886      52.722
    3552.886      52.722
    3557.886      52.722
    3562.886      52.722
    3567.886      52.722
    3572.886      52.722
    3577.886      52.722
    3582.886      52.722
    3587.886      52.722
    3592.886      52.722
    3597.886      52.722
    3602.886      52.722
    3607.886      52.722
    3612.886      52.722
    3617.886      52.722
    3622.886      52.722
    3627.886      52.722
    3632.886      52.722
    3637.886      52.722
    3642.886      52.722
    3647.886      52.722
    3652.886      52.722
    3657.886      52.722
    3662.886      52.722
    3667.886      52.722
    3672.886      52.722
    3677.886      52.722
    3682.886      52.722
    3687.886      52.722
    3692.886      52.722
    3697.886      52.722
    3702.886      52.722
    3707.886      52.722
    3712.886      52.722
    3717.886      52.722
    3722.886      52.722
    3727.886      52.722
    3732.886      52.722
    3737.886      52.722
    3742.886      52.722
    3747.886      52.722
    3752.886      52.722
    3757.886      52.722
    3762.886      52.722
    3767.886      52.722
    3772.886      52.722
    3777.886      52.722
    3782.886      52.722
    3787.886      52.722
    3792.886      52.722
    3797.886      52.722
    3802.886      52.722
    3807.886      52.722
    3812.886      52.722
    3817.886      52.722
    3822.886      52.722
    3827.886      52.722
    3832.886      52.722
    3837.886      52.722
    3842.886      52.722
    3847.886      52.722
    3852.886      52.722
    3857.886      52.722
    3862.886      52.722
    3867.886      52.722
    3872.886      52.722
    3877.886      52.722
    3882.886      52.722
    3887.886      52.722
    3892.886      52.722
    3897.886      52.722
    3902.886      52.722
    3907.886      52.722
    3912.886      52.722
    3917.886      52.722
    3922.886      52.722
    3927.886      52.722
    3932.886      52.722
    3937.886      52.722
    3942.886      52.722
    3947.886      52.722
    3952.886      52.722
    3957.886      52.722
    3962.886      52.722
    3967.886      52.722
    3972.886      52.722
    3977.886      52.722
    3982.886      52.722
    3987.886      52.722
    3992.886      52.722
    3997.886      52.722
    4002.886      52.722
    4007.886      52.722
    4012.886      52.722
    4017.886      52.722
    4022.886      52.722
    4027.886      52.722
    4032.886      52.722
    4037.886      52.722
    4042.886      52.722
    4047.886      52.722
    4052.886      52.722
    4057.886      52.722
    4062.886      52.722
    4067.886      52.722
    4072.886      52.722
    4077.886      52.722
    4082.886      52.722
    4087.886      52.722
    4092.886      52.722
    4097.886      52.722
    4102.886      52.722
    4107.886      52.722
    4112.886      52.722
    4117.886      52.722
    4122.886      52.722
    4127.886      52.722
    4132.886      52.722
    4137.886      52.722
    4142.886      52.722
    4147.886      52.722
    4152.886      52.722
    4157.886      52.722
    4162.886      52.722
    4167.886      52.722
    4172.886      52.722
    4177.886      52.722
    4182.886      52.722
    4187.886      52.722
    4192.886      52.722
    4197.886      52.722
    4202.886      52.722
    4207.886      52.722
    4212.886      52.722
    4217.886      52.722
    4222.886      52.722
    4227.886      52.722
    4232.886      52.722
    4237.886      52.722
    4242.886      52.722
    4247.886      52.722
    4252.886      52.722
    4257.886      52.722
    4262.886      52.722
    4267.886      52.722
    4272.886      52.722
    4277.886      52.722
    4282.886      52.722
    4287.886      52.722
    4292.886      52.722
    4297.886      52.722
    4302.886      52.722
    4307.886      52.722
    4312.886      52.722
    4317.886      52.722
    4322.886      52.722
    4327.886      52.722
    4332.886      52.722
    4337.886      52.722
    4342.886      52.722
    4347.886      52.722
    4352.886      52.722
    4357.886      52.722
    4362.886      52.722
    4367.886      52.722
    4372.886      52.722
    4377.886      52.722
    4382.886      52.722
    4387.886      52.722
    4392.886      52.722
    4397.886      52.722
    4402.886      52.722
    4407.886      52.722
    4412.886      52.722
    4417.886      52.722
    4422.886      52.722
    4427.886      52.722
    4432.886      52.722
    4437.886      52.722
    4442.886      52.722
    4447.886      52.722
    4452.886      52.722
    4457.886      52.722
    4462.886      52.722
    4467.886      52.722
    4472.886      52.722
    4477.886      52.722
    4482.886      52.722
    4487.886      52.722
    4492.886      52.722
    4497.886      52.722
    4500.000	  52.722
    5000.000      52.722
